$ 1 0.000005 10.20027730826997 53 5 50 5e-11
v 112 352 112 176 0 1 40 5 0 0 0.5
w 128 64 304 64 0
w 304 64 304 128 0
d 304 128 368 192 2 default
d 304 256 368 192 2 default
d 240 192 304 128 2 default
d 240 192 304 256 2 default
w 304 256 304 352 0
w 304 352 160 352 0
w 240 192 240 288 0
w 368 192 416 192 0
w 240 288 416 288 0
r 416 192 416 288 0 100
x 364 244 400 247 4 12 Beban
x 31 242 93 245 4 12 Sumber\sAC
x 274 195 333 198 4 12 Penyearah
w 160 352 112 352 0
v 160 352 160 176 0 0 40 5 0 0 0.5
x 168 243 231 246 4 12 Sumber\sDC
S 128 128 128 176 0 1 false 0 2
w 160 176 144 176 0
w 128 128 128 64 0
o 0 64 0 4099 5 0.05 0 2 0 3
o 12 64 0 4099 5 0.05 1 2 12 3
