$ 1 0.000005 10.20027730826997 50 5 50 5e-11
f 560 224 608 224 32 1.5 0.02
172 560 224 528 224 0 7 3.5 5 0 0 0.5 Gate Voltage
w 608 240 608 288 0
w 608 208 608 160 1
172 608 160 608 128 0 7 5 5 0 0 0.5 Drain Voltage
g 608 288 608 304 0 0
x 463 189 578 192 4 24 n-MOSFET
x 171 191 340 194 4 24 Transistor\sNPN
w 256 224 320 224 1
t 320 224 368 224 0 1 -1.2974999999999999 0.7025 100 default
g 368 288 368 304 0 0
172 368 160 368 128 0 7 2 2 0 0 0.5 Collector Voltage
w 368 208 368 160 1
w 368 240 368 288 1
172 256 224 224 224 0 7 0.7025 0.75 0.5 0 0.5 Base Voltage
o 0 64 0 4099 5 0.1 0 2 0 3
