$ 1 0.000005 0.11331484530668263 40 2 50 5e-11
w 704 400 704 352 0
t 656 416 704 416 0 1 -2.298711721638086 0.20128827748035683 100 default
s 560 416 656 416 0 1 false
t 656 464 704 464 0 1 -2.2987117216382518 0.20128827748035633 100 default
w 704 432 704 448 0
v 704 512 768 512 0 0 40 5 0 0 0.5
w 704 480 704 512 0
w 768 512 768 448 0
181 768 352 768 448 0 300.0143029890953 100 120 0.4 0.4
w 704 352 768 352 0
w 560 416 560 464 0
w 768 512 768 560 0
w 768 560 560 560 0
r 560 464 560 560 0 1
x 549 138 705 141 4 24 Gerbang\sAND
x 546 263 638 266 4 24 1\sx\s1\s\q\s1
x 547 234 639 237 4 24 1\sx\s0\s\q\s0
x 548 205 640 208 4 24 0\sx\s1\s\q\s0
x 548 177 640 180 4 24 0\sx\s0\s\q\s0
x 1224 185 1316 188 4 24 0\sx\s0\s\q\s0
x 1224 213 1316 216 4 24 0\sx\s1\s\q\s1
x 1223 242 1315 245 4 24 1\sx\s0\s\q\s1
x 1222 271 1314 274 4 24 1\sx\s1\s\q\s1
x 1225 146 1363 149 4 24 Gerbang\sOR
s 560 464 656 464 0 1 false
w 1376 432 1456 480 0
t 1328 416 1376 416 0 1 -0.0026538869548508037 0.7219930047769272 100 default
s 1232 416 1328 416 0 0 false
t 1328 480 1376 480 0 1 -0.0026538869548508037 0.7219930047769272 100 default
v 1376 528 1328 528 0 0 40 5 0 0 0.5
181 1456 528 1392 528 0 325.2679108922479 100 120 0.4 0.4
r 1232 480 1232 528 0 1
s 1232 480 1328 480 0 0 false
w 1392 400 1456 400 0
w 1376 528 1392 528 0
w 1232 480 1232 416 0
w 1376 496 1456 496 0
w 1456 384 1216 384 0
w 1216 384 1216 528 0
w 1232 528 1328 528 0
w 1376 400 1392 400 0
w 1456 384 1456 400 0
w 1232 528 1216 528 0
w 1456 480 1456 496 0
w 1456 496 1456 528 0
x -192 887 -100 890 4 24 0\sx\s0\s\q\s1
x -192 915 -100 918 4 24 0\sx\s1\s\q\s1
x -193 944 -101 947 4 24 1\sx\s0\s\q\s1
x -194 973 -102 976 4 24 1\sx\s1\s\q\s0
x -191 848 -17 851 4 24 Gerbang\sNAND
x -176 175 -123 178 4 24 1\s\q\s0
x -176 203 -123 206 4 24 0\s\q\s1
x -175 136 -21 139 4 24 Gerbang\sNOT
181 16 400 16 528 0 324.132545364151 100 120 0.4 0.4
w -32 496 -32 528 0
v 96 528 96 400 0 0 40 5 0 0 0.5
w -32 480 -32 496 0
s -176 464 -80 464 0 1 false
t -80 464 -32 464 0 1 -4.214977765255543 0.21647912085605103 100 default
w -32 448 -32 400 0
w -32 336 96 336 0
w -32 528 16 528 0
w 16 528 96 528 0
w 96 336 96 400 0
w -32 336 -176 336 0
w -32 400 16 400 0
r -32 336 -32 400 0 2
r -176 336 -176 464 0 1
x -175 -48 -38 -45 4 24 Dibuat\soleh:
x -175 49 23 52 4 24 Selasa,\s1\sJuli\s2025
x -176 -10 306 -7 4 24 Samarthya\sLykamanuella\s(NIM\s642022006)
x -174 -114 560 -111 4 24 DIAGRAM\sGERBANG\sLOGIKA\sMENGGUNAKAN\sBATERAI\sTUNGGAL
x -29 1133 6 1136 4 18 PNP
x -20 1274 18 1277 4 18 NPN
t -32 1152 32 1152 0 -1 0.041954776567311676 -0.7916157687015031 100 default
w -32 1344 64 1264 0
w 32 1184 64 1184 0
181 64 1120 64 1184 0 301.89138564249765 100 120 0.4 0.4
w 32 1136 32 1120 0
w 32 1056 128 1056 0
r 32 1056 32 1120 0 2
s -176 1296 -80 1296 0 0 false
r -176 1296 -176 1392 0 1
w 128 1392 -176 1392 0
w -176 1248 -176 1296 0
w -32 1312 -32 1344 0
v -32 1344 128 1344 0 0 40 5 0 0 0.5
w -32 1264 -32 1280 0
t -80 1296 -32 1296 0 1 0.8001772011360127 0.8240172926668767 100 default
s -176 1248 -80 1248 0 0 false
t -80 1248 -32 1248 0 1 0.782062516099565 0.8001772011360127 100 default
w -32 1232 -32 1152 0
w 128 1392 128 1344 0
w 32 1120 64 1120 0
w 32 1168 32 1184 0
w 64 1184 64 1264 0
w 128 1056 128 1344 0
x 602 855 758 858 4 24 Gerbang\sNOR
x 599 980 691 983 4 24 1\sx\s1\s\q\s0
x 600 951 692 954 4 24 1\sx\s0\s\q\s0
x 601 922 693 925 4 24 0\sx\s1\s\q\s0
x 601 894 693 897 4 24 0\sx\s0\s\q\s1
w 1376 464 1456 400 0
x -93 497 -55 500 4 18 NPN
x 711 448 749 451 4 18 NPN
x 1317 453 1355 456 4 18 NPN
x 899 1238 937 1241 4 18 NPN
x 708 1237 746 1240 4 18 NPN
w 896 1312 768 1312 0
181 944 1152 944 1312 0 326.2262697701201 100 120 0.4 0.4
t 848 1232 896 1232 0 1 -4.096758067103265 0.3553964955603329 100 default
w 896 1216 896 1152 0
w 896 1104 1008 1104 0
w 1008 1104 1008 1344 0
w 896 1152 944 1152 0
r 896 1104 896 1152 0 2
w 768 1216 848 1280 0
t 720 1200 768 1200 0 1 -4.42688411501803 0.21771938942163716 100 default
s 624 1200 720 1200 0 1 false
t 720 1264 768 1264 0 1 -4.426884115032691 0.2177193894069761 100 default
v 768 1312 720 1312 0 0 40 5 0 0 0.5
r 624 1264 624 1312 0 1
s 624 1264 720 1264 0 1 false
w 784 1184 848 1184 0
w 624 1264 624 1200 0
w 768 1280 848 1280 0
w 848 1168 608 1168 0
w 608 1168 608 1312 0
w 624 1312 720 1312 0
w 768 1184 784 1184 0
w 848 1168 848 1184 0
w 624 1312 608 1312 0
w 768 1248 848 1184 0
w 848 1280 848 1232 0
w 896 1248 896 1312 0
w 896 1312 944 1312 0
w 720 1312 720 1344 0
w 720 1344 1008 1344 0
x -177 19 358 22 4 24 Mata\sKuliah\sElektronika\s(FQ017)\sS1\sFisika\sUKSW
x 1937 133 2089 136 4 24 Gerbang\sXOR
x 1934 258 2026 261 4 24 1\sx\s1\s\q\s0
x 1935 229 2027 232 4 24 1\sx\s0\s\q\s1
x 1936 200 2028 203 4 24 0\sx\s1\s\q\s1
x 1936 172 2028 175 4 24 0\sx\s0\s\q\s0
v 1952 592 1952 544 0 0 40 5 0 0 0.5
s 1952 480 2048 480 0 1 false
r 1952 480 1952 544 0 1
s 1952 416 2048 416 0 1 false
w 1952 416 1952 480 0
w 2160 368 2208 416 0
t 2112 352 2160 352 0 1 -4.63392515791367 0.1819042500954569 100 default
t 2128 400 2160 400 0 1 -4.786328066440176 0.029501341568950734 100 default
w 2208 320 2208 336 0
w 2160 416 2208 416 0
w 2160 320 2112 320 0
w 2160 320 2208 320 0
w 2208 416 2224 416 0
w 2160 384 2208 336 0
w 2048 416 2112 352 0
w 2048 480 2128 400 0
r 2192 480 2192 432 0 2
w 2048 416 2128 512 0
t 2128 512 2160 512 0 1 -0.11224502993586905 0.21326463630765977 100 default
t 2128 576 2160 576 0 1 0.060861727766501866 0.213671933545175 100 default
w 2160 528 2160 560 0
t 2160 496 2192 496 0 -1 0.47831987202220194 -0.3324526921207107 100 default
w 2144 432 2032 544 0
w 2192 512 2192 592 0
w 2160 592 1952 592 0
w 2160 592 2192 592 0
w 2192 480 2224 480 0
t 2224 416 2256 416 0 1 0.18417059065416055 0.16624234016607464 100 default
t 2224 480 2256 480 0 1 0.7928443123181113 0.8107725641429127 100 default
w 2256 432 2256 464 0
w 2256 400 2288 400 0
w 2256 496 2288 496 0
181 2288 400 2288 496 0 300.0000002407444 100 120 0.4 0.4
r 2048 480 2128 576 0 3
w 1952 544 2032 544 0
w 1952 544 1936 544 0
w 1936 544 1936 384 0
w 2160 320 2160 336 0
w 2144 432 2192 432 0
w 2112 320 2048 384 0
w 2048 384 1936 384 0
w 2256 496 2240 512 0
w 2240 512 2192 512 0
x 2118 548 2147 551 4 14 NPN
x 2106 383 2135 386 4 14 NPN
x 2217 454 2246 457 4 14 NPN
x 1615 907 1707 910 4 24 0\sx\s0\s\q\s1
x 1615 935 1707 938 4 24 0\sx\s1\s\q\s0
x 1614 964 1706 967 4 24 1\sx\s0\s\q\s0
x 1613 993 1705 996 4 24 1\sx\s1\s\q\s1
x 1616 868 1786 871 4 24 Gerbang\sXNOR
w 1840 1072 1904 1072 0
w 1824 1104 1840 1072 0
w 1760 1104 1792 1104 0
w 1744 1088 1760 1104 0
w 1744 1088 1856 1088 0
w 1856 1088 1872 1104 0
w 1824 1136 1840 1120 0
w 1840 1184 1824 1184 0
w 1840 1168 1840 1184 0
w 1776 1136 1824 1184 0
v 1680 1296 1616 1296 0 0 40 5 0 0 0.5
s 1696 1184 1776 1184 0 1 false
s 1696 1264 1776 1264 0 1 false
r 1648 1264 1696 1264 0 1
r 1648 1184 1696 1184 0 2
w 1648 1184 1648 1264 0
w 1648 1184 1616 1184 0
t 1808 1216 1840 1216 0 1 -0.7255581143601598 0.052152632424203114 100 default
t 1808 1264 1840 1264 0 1 0.09388901904674146 0.1165277558009425 100 default
w 1616 1184 1616 1296 0
w 1680 1296 1840 1296 0
w 1840 1296 1840 1280 0
w 1840 1248 1840 1232 0
r 1696 1136 1648 1136 0 3
w 1648 1136 1616 1136 0
w 1616 1136 1616 1184 0
w 1696 1136 1776 1136 0
w 1840 1184 1840 1200 0
w 1776 1264 1808 1264 0
w 1776 1184 1808 1216 0
r 1744 1088 1616 1088 0 4
w 1616 1088 1616 1136 0
t 1840 1168 1872 1168 0 1 0.7824212317132415 0.8003494835385639 100 default
w 1872 1184 1872 1296 0
w 1872 1296 1840 1296 0
t 1840 1120 1872 1120 0 1 -3.803075714630616 0.0985995039756201 100 default
w 1872 1136 1872 1152 0
w 1776 1264 1824 1136 0
w 1776 1184 1808 1136 0
w 1904 1072 1904 1136 0
w 1872 1136 1904 1136 0
w 1872 1104 1920 1088 0
t 1808 1136 1808 1104 0 1 0.05686311735308175 -3.8448121012531544 100 default
181 1920 1088 1920 1296 0 320.7979068979513 100 120 0.4 0.4
w 1920 1296 1872 1296 0
x 31 428 76 431 4 14 Lampu
x -59 580 -32 583 4 24 (a)
I 240 368 240 496 0 0.5 5
L 240 368 240 336 0 0 false 5 0
M 240 496 240 528 0 2.5
x 228 579 257 582 4 24 (b)
x -145 435 -105 438 4 14 Saklar
150 912 368 912 528 0 2 5 5
L 896 368 896 336 0 1 false 5 0
L 928 368 928 336 0 1 false 5 0
M 912 528 912 560 0 2.5
x 902 615 931 618 4 24 (b)
x 660 618 687 621 4 24 (a)
x 780 442 825 445 4 14 Lampu
x 581 381 633 384 4 14 Saklar\sA
x 583 492 636 495 4 14 Saklar\sB
x 875 408 883 411 4 14 A
x 941 408 950 411 4 14 B
x 1455 561 1500 564 4 14 Lampu
x 1258 404 1310 407 4 14 Saklar\sA
x 1257 497 1310 500 4 14 Saklar\sB
x 122 470 168 473 4 14 Baterai
x 710 548 756 551 4 14 Baterai
x 1333 563 1379 566 4 14 Baterai
x 1613 408 1622 411 4 14 B
x 1547 408 1555 411 4 14 A
x 1580 626 1609 629 4 24 (b)
M 1584 528 1584 560 0 2.5
L 1600 368 1600 336 0 1 false 5 0
L 1568 368 1568 336 0 1 false 5 0
x 1318 625 1345 628 4 24 (a)
152 1584 368 1584 528 0 2 5 5
x 301 1192 310 1195 4 14 B
x 235 1192 243 1195 4 14 A
x 264 1447 293 1450 4 24 (b)
M 272 1312 272 1344 0 2.5
L 288 1152 288 1120 0 0 false 5 0
L 256 1152 256 1120 0 0 false 5 0
151 272 1152 272 1312 0 2 5 5
x -35 1449 -8 1452 4 24 (a)
x 28 1376 74 1379 4 14 Baterai
x 73 1193 118 1196 4 14 Lampu
x -150 1230 -98 1233 4 14 Saklar\sA
x -148 1320 -95 1323 4 14 Saklar\sB
154 2432 368 2432 560 0 2 0 5
x 2301 489 2346 492 4 14 Lampu
x 1978 574 2024 577 4 14 Baterai
x 1976 500 2029 503 4 14 Saklar\sB
x 1973 436 2025 439 4 14 Saklar\sA
L 2416 368 2416 336 0 1 false 5 0
L 2448 368 2448 336 0 1 false 5 0
M 2432 560 2432 592 0 2.5
x 2423 654 2452 657 4 24 (b)
x 2395 408 2403 411 4 14 A
x 2461 408 2470 411 4 14 B
x 2271 561 2316 564 4 14 Lampu
x 2080 663 2107 666 4 24 (a)
x 648 1220 700 1223 4 14 Saklar\sA
x 644 1284 697 1287 4 14 Saklar\sB
x 758 1332 804 1335 4 14 Baterai
x 954 1272 999 1275 4 14 Lampu
x 1133 1176 1142 1179 4 14 B
x 1067 1176 1075 1179 4 14 A
x 1095 1422 1124 1425 4 24 (b)
M 1104 1328 1104 1360 0 2.5
L 1120 1136 1120 1104 0 1 false 5 0
L 1088 1136 1088 1104 0 0 false 5 0
x 782 1424 809 1427 4 24 (a)
153 1104 1136 1104 1312 0 2 0 5
154 2112 1120 2112 1200 0 2 5 5
I 2112 1200 2112 1264 0 0.5 5
M 2112 1264 2112 1296 0 2.5
L 2096 1120 2096 1056 0 0 false 5 0
L 2128 1120 2128 1056 0 1 false 5 0
x 2078 1112 2086 1115 4 14 A
x 2140 1111 2149 1114 4 14 B
x 1772 1367 1799 1370 4 24 (a)
x 2104 1366 2133 1369 4 24 (b)
x 1928 1235 1973 1238 4 14 Lampu
x 1664 1317 1710 1320 4 14 Baterai
x 1710 1203 1762 1206 4 14 Saklar\sA
x 1711 1283 1764 1286 4 14 Saklar\sB
