$ 1 0.000005 0.11331484530668263 40 2 50 5e-11
L 304 208 256 208 0 0 false 5 0
L 960 240 912 240 0 0 false 5 0
151 304 208 432 208 0 2 5 5
w 304 192 304 208 0
w 304 208 304 224 0
M 432 208 480 208 0 2.5
x 251 156 300 159 4 24 NOT
151 960 176 1088 176 0 2 5 5
151 960 240 1088 240 0 2 5 5
L 960 176 912 176 0 0 false 5 0
M 1216 208 1264 208 0 2.5
w 960 176 960 160 0
w 960 176 960 192 0
w 960 240 960 224 0
w 960 240 960 256 0
151 1088 208 1216 208 0 2 0 5
w 1088 176 1088 192 0
w 1088 224 1088 240 0
x 908 136 941 139 4 24 OR
151 576 208 704 208 0 2 5 5
L 576 192 528 192 0 0 false 5 0
L 576 224 528 224 0 0 false 5 0
M 832 208 880 208 0 2.5
w 704 208 704 224 0
w 704 192 704 208 0
151 704 208 832 208 0 2 0 5
x 523 152 574 155 4 24 AND
151 304 384 432 384 0 2 5 5
L 304 400 256 400 0 0 false 5 0
L 304 368 256 368 0 1 false 5 0
M 432 384 480 384 0 2.5
x 263 334 332 337 4 24 NAND
x 524 328 575 331 4 24 NOR
w 704 416 704 432 0
w 704 368 704 384 0
151 704 400 832 400 0 2 0 5
w 576 432 576 448 0
w 576 432 576 416 0
w 576 368 576 384 0
w 576 368 576 352 0
M 960 400 1008 400 0 2.5
L 576 368 528 368 0 0 false 5 0
151 576 432 704 432 0 2 5 5
151 576 368 704 368 0 2 5 5
L 576 432 528 432 0 0 false 5 0
151 832 400 960 400 0 2 5 5
w 832 384 832 400 0
w 832 400 832 416 0
x 252 504 299 507 4 24 XOR
M 688 592 736 592 0 2.5
L 304 544 256 544 0 1 false 5 0
151 304 592 432 592 0 2 0 5
L 304 640 256 640 0 1 false 5 0
w 304 544 304 576 0
w 304 608 304 640 0
w 304 544 432 544 0
w 304 640 432 640 0
151 432 544 560 544 0 2 5 5
151 432 640 560 640 0 2 5 5
w 432 528 432 544 0
w 432 640 432 656 0
w 432 592 432 560 0
151 560 592 688 592 0 2 0 5
w 560 544 560 576 0
w 560 608 560 640 0
w 432 624 432 592 0
w 992 624 992 592 0
w 1120 608 1120 640 0
w 1120 544 1120 576 0
151 1120 592 1248 592 0 2 5 5
w 992 592 992 560 0
w 992 640 992 656 0
w 992 528 992 544 0
151 992 640 1120 640 0 2 5 5
151 992 544 1120 544 0 2 0 5
w 864 640 992 640 0
w 864 544 992 544 0
w 864 608 864 640 0
w 864 544 864 576 0
L 864 640 816 640 0 0 false 5 0
151 864 592 992 592 0 2 5 5
L 864 544 816 544 0 1 false 5 0
M 1376 592 1424 592 0 2.5
x 812 504 877 507 4 24 XNOR
151 1248 592 1376 592 0 2 0 5
w 1248 576 1248 592 0
w 1248 592 1248 608 0
x 248 -138 730 -135 4 24 Samarthya\sLykamanuella\s(NIM\s642022006)
x 247 -107 782 -104 4 24 Mata\sKuliah\sElektronika\s(FQ017)\sS1\sFisika\sUKSW
x 246 -78 444 -75 4 24 Selasa,\s8\sJuli\s2025
x 248 -168 385 -165 4 24 Dibuat\soleh:
x 245 -246 1024 -243 4 24 DIAGRAM\sKESETARAAN\sGERBANG\sLOGIKA\sBERBASIS\sNAND\sDAN\sNOR
w 1504 -48 1504 672 0
x 238 31 1159 34 4 72 Kesetaraan\sGerbang\sNAND
x 1564 20 2433 23 4 72 Kesetaraan\sGerbang\sNOR
153 1632 160 1744 160 0 2 5 5
L 1632 160 1584 160 0 0 false 5 0
x 1579 111 1628 114 4 24 NOT
M 1744 160 1792 160 0 2.5
w 1632 144 1632 160 0
w 1632 160 1632 176 0
M 2160 192 2208 192 0 2.5
x 1883 111 1934 114 4 24 AND
L 1936 160 1888 160 0 1 false 5 0
153 1936 160 2048 160 0 2 0 5
L 1936 224 1888 224 0 1 false 5 0
x 1582 347 1651 350 4 24 NAND
L 1632 688 1584 688 0 0 false 5 0
153 1632 672 1744 672 0 2 5 5
L 1632 656 1584 656 0 0 false 5 0
M 1744 672 1792 672 0 2.5
w 1936 144 1936 160 0
w 1936 160 1936 176 0
153 1936 224 2048 224 0 2 0 5
w 1936 208 1936 224 0
w 1936 224 1936 240 0
153 2048 192 2160 192 0 2 5 5
w 2048 160 2048 176 0
w 2048 208 2048 224 0
x 2281 110 2314 113 4 24 OR
153 2336 176 2448 176 0 2 5 5
L 2336 160 2288 160 0 0 false 5 0
L 2336 192 2288 192 0 0 false 5 0
153 2448 176 2560 176 0 2 0 5
w 2448 160 2448 176 0
w 2448 176 2448 192 0
M 2560 176 2608 176 0 2.5
w 1744 464 1744 480 0
w 1744 416 1744 432 0
153 1744 448 1856 448 0 2 0 5
w 1632 480 1632 496 0
w 1632 464 1632 480 0
153 1632 480 1744 480 0 2 5 5
w 1632 416 1632 432 0
w 1632 400 1632 416 0
L 1632 480 1584 480 0 0 false 5 0
153 1632 416 1744 416 0 2 5 5
L 1632 416 1584 416 0 0 false 5 0
M 1968 448 2016 448 0 2.5
153 1856 448 1968 448 0 2 5 5
w 1856 432 1856 448 0
w 1856 448 1856 464 0
x 1578 603 1629 606 4 24 NOR
153 1968 672 2080 672 0 2 5 5
x 1923 578 1970 581 4 24 XOR
L 1968 640 1920 640 0 0 false 5 0
L 1968 704 1920 704 0 0 false 5 0
w 1968 640 1968 656 0
w 1968 688 1968 704 0
153 2080 624 2192 624 0 2 0 5
w 1968 640 1968 608 0
w 1968 608 2080 608 0
w 2080 672 2080 640 0
153 2080 720 2192 720 0 2 0 5
w 2080 672 2080 704 0
w 1968 704 1968 736 0
w 1968 736 2080 736 0
153 2192 672 2304 672 0 2 5 5
w 2192 624 2192 656 0
w 2192 688 2192 720 0
153 2304 672 2416 672 0 2 0 5
w 2304 656 2304 672 0
w 2304 672 2304 688 0
M 2416 672 2464 672 0 2.5
M 2512 432 2560 432 0 2.5
w 2400 448 2400 480 0
w 2400 384 2400 416 0
153 2400 432 2512 432 0 2 5 5
w 2176 496 2288 496 0
w 2176 464 2176 496 0
w 2288 432 2288 464 0
153 2288 480 2400 480 0 2 0 5
w 2288 432 2288 400 0
w 2176 368 2288 368 0
w 2176 400 2176 368 0
153 2288 384 2400 384 0 2 0 5
w 2176 448 2176 464 0
w 2176 400 2176 416 0
L 2176 464 2128 464 0 1 false 5 0
L 2176 400 2128 400 0 1 false 5 0
x 2131 338 2196 341 4 24 XNOR
153 2176 432 2288 432 0 2 0 5
